0 0.9736592233645471 0.8387821210801394 0.9738556741536244 0.856965918989547 0.9933043022722807 0.8569114764808362 0.9933043022722807 0.8387821210801394
0 0.8838812127562045 0.7329458841463415 0.8840776635452818 0.7478631315331009 0.9026095213149105 0.7479175740418118 0.9024130705258332 0.7328914416376306
0 0.7970687035111572 0.7325275967548877 0.7976285691434055 0.7469577071419071 0.814664480524674 0.7468912089373587 0.8145045189154603 0.7324610985503391
0 0.6739625777396526 0.7437820369957655 0.674177031953678 0.7585803432137286 0.6907972335406392 0.758402050367729 0.6907972335406392 0.7436928905727658
0 0.6237543962485347 0.7920524691358025 0.6236567018366551 0.8092714424951267 0.6433909730363424 0.8095151072124757 0.6432932786244627 0.7922149122807017
0 0.2002868325112588 0.7677624247827056 0.20044767317177778 0.7830064631156675 0.21862266781042244 0.7829618899041677 0.21862266781042244 0.767628705148206
0 0.9655082780132767 0.5844360952254288 0.9658282012317042 0.5989992020215453 0.9860633447972484 0.5991321984306424 0.9862233064064623 0.5845690916345259
0 0.714147730993386 0.5662973649825783 0.7144096653788226 0.5841000653310104 0.7321557199921419 0.5841000653310104 0.7320902363957826 0.5663518074912892
0 0.8432794872920416 0.46791292606379087 0.8433672797506695 0.4825468943872709 0.8612330450814275 0.48251040070067874 0.8611891488521137 0.4678764323771986
0 0.939505840071878 0.29620693776330326 0.9395777178796049 0.31129552720427855 0.9559658580413299 0.3112656488093459 0.9559299191374664 0.296147180973438
0 0.5017844280007857 0.4131505879790941 0.5019153951935039 0.4286122604529617 0.5198579005959006 0.4286122604529617 0.5197924169995415 0.4130961454703833
0 0.42642880120094356 0.32194116336082024 0.42653602830795617 0.33789837307778026 0.4461049753377654 0.33776465344328066 0.44599774823075267 0.32194116336082024
0 0.06766397124887691 0.30086796737279264 0.06769991015274034 0.3155681376796438 0.08638814016172507 0.315478502494846 0.0863162623539982 0.3007484537930622
0 0.1171919582107897 0.20731151010875093 0.1171919582107897 0.22209145317859993 0.1348382423949783 0.22201846580541543 0.13466265747772269 0.20720202904897428