0 0.9013653329840874 0.584208950348432 0.9016272673695237 0.6006505879790941 0.9191113875974066 0.6005961454703833 0.919307838386484 0.5840456228222997
0 0.9306125439624855 0.4746385640025991 0.9308079327862446 0.4900706627680313 0.9480998436889411 0.4900706627680313 0.9480998436889411 0.4743948992852502
0 0.9260209066041423 0.45197774528914886 0.9264116842516609 0.46716617933723203 0.9448759280969129 0.46732862248213136 0.9448759280969129 0.4518965237166992
0 0.7351356422903709 0.8262424782705594 0.7354573236114089 0.8412636505460218 0.7542756808921295 0.8410407844885224 0.7542220673386232 0.82606418542456
0 0.5352596461963917 0.5971735639734326 0.5354791273429612 0.6113331143712137 0.554837364470392 0.6112601269980293 0.5549690531583337 0.5973195387198014
0 0.4270993371669374 0.5546219254069046 0.4273188183135069 0.5695843369097146 0.44694043281682105 0.5695478432231224 0.44689653658750716 0.5545854317203124
0 0.48672320083819 0.7179197517421603 0.4871815860127038 0.7329458841463415 0.5046657062405867 0.7329458841463415 0.5047311898369458 0.7178653092334494
0 0.46583393359963327 0.7049079921602788 0.46616135158142874 0.7208052047038328 0.48384192259838904 0.7208052047038328 0.48384192259838904 0.7047991071428571
0 0.3475705585750769 0.6322816855400697 0.34783249296051333 0.6474711454703832 0.368656276602711 0.647525587979094 0.3683288586209154 0.6323361280487805
0 0.28943535573471424 0.6051945986937057 0.2895530512563997 0.61847770248783 0.30567733772729944 0.61847770248783 0.30567733772729944 0.6051456738178527
0 0.30798608333999844 0.7268087511637187 0.30846596816763977 0.7425688256417077 0.32598176437654963 0.7425688256417077 0.32606174518115655 0.7265427583455247
0 0.08871390216750703 0.7756288109756098 0.08897583655294347 0.7918526785714286 0.1053467356427215 0.7917982360627177 0.1054122192390806 0.7754110409407665
0 0.3127332853120294 0.4736906576655052 0.3128642525047476 0.49035006533101044 0.33152707746709453 0.4904045078397212 0.33165804465981275 0.4735817726480836
0 0.3218227625369911 0.4495112381965687 0.3220627049508118 0.4662022875382364 0.3391785971366872 0.4660692911291395 0.3394185395505079 0.44964423460566566
0 0.8364671163575043 0.32225259869014 0.8366357504215852 0.32647859961144826 0.8425379426644183 0.326458571171063 0.8425620332450013 0.32223257024975466
0 0.9478742226034742 0.11222420325384434 0.9481959039245121 0.12720080231780695 0.9664781256701694 0.127156229106307 0.9662100579026377 0.11222420325384434
0 0.6724353628023353 0.05181191153930359 0.6726548439489048 0.06892745055105462 0.6910473640314297 0.06892745055105462 0.6907839866555464 0.05170243047952694
0 0.5104143804047233 0.027762572075030956 0.5106338615512928 0.0425060214582877 0.5302993722839209 0.0425790088314722 0.5302115798252931 0.027799065761623314
0 0.454139414424301 0.21263958835121513 0.4543588955708705 0.22833187358586948 0.4735415477810457 0.22833187358586948 0.47358544401035957 0.21263958835121513
0 0.3042936694021103 0.14837150747238467 0.3045867526377492 0.16291016894087074 0.32217174677608446 0.16282894736842105 0.32168327471668623 0.14837150747238467
0 0.1587813502717569 0.1274363022648084 0.15897780106083426 0.14121025696864112 0.1767893392705127 0.14131914198606274 0.17685482286687185 0.1273818597560976