0 0.5015396304886827 0.08569956111184994 0.5016995920978965 0.10046216252161189 0.5212149084219787 0.10066165713525733 0.5212948892265856 0.08556656470275298
0 0.622929081265143 0.13690929878048774 0.6231910156505794 0.1513365635888501 0.6406096522821033 0.1513910060975609 0.6407406194748215 0.13685485627177693
0 0.8544794123954536 0.22174058390907067 0.8546402530559725 0.2356919991085357 0.8721182714990349 0.23578114553153556 0.8723327257130602 0.22174058390907067
0 0.7837918899464129 0.8097320122356696 0.7840318323602337 0.8274205346455645 0.8035471486843158 0.8274205346455645 0.8032272254658882 0.8095325176220243
0 0.4390746220906982 0.7337245644367603 0.4393945453091258 0.7496841335283947 0.4572302647364633 0.7497506317329432 0.45731024554107014 0.7337910626413087
0 0.15341169537030971 0.5955874346689896 0.1538700805448235 0.6123557273519165 0.17364612664527534 0.6121379573170732 0.17364612664527534 0.5953696646341463
0 0.1538700805448235 0.42420241724738667 0.1542629821229782 0.43819414198606266 0.17272935629624778 0.43824858449477344 0.17253290550717043 0.4241479747386759
0 0.23616332080300728 0.33387086048676684 0.23640326321682797 0.34909894932836805 0.25503879069023433 0.3489659529192712 0.25487882908102055 0.3339373586913153
0 0.12680523243053424 0.3486515582804173 0.12698081734778985 0.36438033720166396 0.14480268644923402 0.36438033720166396 0.14480268644923402 0.3486880519670095
0 0.11804364143255415 0.29791620236238014 0.11831170920008578 0.3136505460218408 0.1378270426763886 0.3136505460218408 0.1378270426763886 0.29778248272788055
0 0.04792370835345244 0.2805543390993358 0.048230981958649756 0.2946409021239325 0.06539440762038541 0.2946409021239325 0.06539440762038541 0.28066382015911245