0 0.8457892332292699 0.016254114965813984 0.8457892332292699 0.03233413522410715 0.8642160968552502 0.03233413522410715 0.8641399527906801 0.01638072929855645
0 0.44740348739815733 0.2842966573816155 0.44740348739815733 0.2993004558115978 0.46605878321784816 0.299363762977969 0.465982639153278 0.2841067358825018
0 0.08934477056634973 0.16851406312653947 0.08920697257820036 0.18547001202955823 0.109945569794681 0.18558457925187596 0.10973887281245694 0.1682849286819041
0 0.0037881672123657967 0.19345087363889588 0.003635879083225463 0.21054380855912888 0.023357191806898655 0.21048050139275765 0.02328104774232849 0.19345087363889588
0 0.39181832026193564 0.9649753102051153 0.3917421761973655 0.9794093441377564 0.40971217543592486 0.9794093441377564 0.4096360313713547 0.9647853887060014
0 0.2993032818091829 0.9636458597113192 0.2993032818091829 0.9799791086350975 0.319405314855707 0.98010572296784 0.3194814589202772 0.9635192453785768
0 0.7582997030381483 0.9425645733096986 0.7584519911672886 0.9599740440617877 0.777792583568111 0.9599740440617877 0.7777164395035407 0.9424379589769561
0 0.7107858067463642 0.8170897695619144 0.7107858067463642 0.8303842744998734 0.7336290261174142 0.8304475816662447 0.733552882052844 0.8167732337300583
0 0.7384261021853347 0.8237742537903966 0.7382738140561944 0.8380179153609977 0.7560915251656133 0.8379546101984616 0.7562438132947538 0.8234577279777165
0 0.7170296200411178 0.8351691830468775 0.7168773319119776 0.8492229291298705 0.735837203989949 0.8491596239673346 0.7357610599253788 0.8351058778843415
0 0.781523642732049 0.8410198784502405 0.7814474986674789 0.8569099772094201 0.7991129216477575 0.8567833628766777 0.7991129216477575 0.8410198784502405
0 0.7592895758775604 0.8326633324892379 0.7592134318129902 0.8501361104076981 0.7780971598263915 0.8501361104076981 0.7781733038909616 0.8325367181564953
0 0.7395682631538871 0.8420961002785515 0.7394159750247468 0.857163205874905 0.7580712708444376 0.857163205874905 0.7580712708444376 0.8419694859458091
0 0.8026916926825554 0.7539092175234237 0.8025394045534151 0.773281210433021 0.8211185563085357 0.773281210433021 0.8211185563085357 0.7539092175234237
0 0.7651526688494632 0.7499208660420359 0.7650765247848931 0.7674569511268675 0.7850262697022766 0.7674569511268675 0.7851024137668468 0.7499841732084073