0 0.5012338028169014 0.16827634660421545 0.018895774647887324 0.01473536299765808
0 0.2713014084507042 0.18271896955503514 0.02007042253521127 0.015515222482435597
0 0.027053521126760564 0.21970257611241217 0.022416901408450703 0.015320843091334895
0 0.6742366197183098 0.2753231850117096 0.018895774647887324 0.01707728337236534
0 0.06707605633802817 0.33138173302107726 0.01819154929577465 0.015613583138173303
0 0.6071014084507043 0.3694379391100703 0.017019718309859155 0.014637002341920375
0 0.4996169014084507 0.47801873536299766 0.01843661971830986 0.015861826697892274
0 0.4511633802816902 0.6955878220140514 0.0198169014084507 0.016873536299765807
0 0.6188422535211268 0.6842740046838407 0.017788732394366197 0.014491803278688525
0 0.02280281690140845 0.7525620608899297 0.021490140845070425 0.01727166276346604
0 0.1139549295774648 0.790824355971897 0.02065352112676056 0.019355971896955506
0 0.7117267605633804 0.8296838407494145 0.017788732394366197 0.016079625292740048
0 0.5465549295774648 0.9008501170960188 0.019340845070422535 0.015484777517564404
0 0.5873239436619718 0.9263583138173302 0.018983098591549296 0.014690866510538641
0 0.3797718309859155 0.9867564402810304 0.018625352112676057 0.01538407494145199