0 0.0735887323943662 0.05841451990632319 0.01950985915492958 0.014063231850117095
0 0.24923943661971829 0.051381733021077285 0.01623943661971831 0.016313817330210773
0 0.28262253521126757 0.07843091334894613 0.017369014084507042 0.013782201405152225
0 0.7522873239436619 0.13346135831381734 0.020414084507042254 0.016763466042154566
0 0.7738281690140846 0.11776580796252928 0.019735211267605635 0.016501170960187352
0 0.39855774647887326 0.1888360655737705 0.019622535211267604 0.017814988290398126
0 0.44981690140845065 0.28259718969555037 0.019735211267605635 0.015751756440281033
0 0.532256338028169 0.4811850117096018 0.018608450704225354 0.015377049180327867
0 0.48658309859154925 0.4949695550351288 0.021090140845070424 0.017065573770491803
0 0.008909859154929577 0.5126416861826698 0.0175943661971831 0.016220140515222484
0 0.6347154929577464 0.6112810304449648 0.02075211267605634 0.016594847775175645
0 0.3969802816901408 0.6604590163934426 0.01939718309859155 0.01612646370023419
0 0.4879915492957746 0.7473747072599531 0.017143661971830985 0.017065573770491803
0 0.8448225352112676 0.8443723653395784 0.02007323943661972 0.01547072599531616
0 0.1697887323943662 0.8416533957845433 0.01793239436619718 0.015096018735362995
0 0.9645352112676057 0.9596510538641686 0.01950985915492958 0.017252927400468385
0 0.08695211267605633 0.9310070257611242 0.01939718309859155 0.0160327868852459