0 0.05493033226152197 0.7428829378107119 0.05493033226152197 0.7597200075039864 0.07326394765047667 0.7597669074195668 0.07326394765047667 0.7428829378107119
0 0.336677905043414 0.8659428637253772 0.33635460927397004 0.8817244557078678 0.35662987252909656 0.8817628537418883 0.35662987252909656 0.8660196597934186
0 0.2756748273697426 0.773588351946561 0.2758003766478342 0.788304978603486 0.29425612052730693 0.788304978603486 0.29438166980539854 0.773588351946561
0 0.2555869428750784 0.7808944786556727 0.2558380414312617 0.7971767038931219 0.27266164469554294 0.7972810771318235 0.2727871939736346 0.7809988518943743
0 0.22168863779033265 0.7684740632501827 0.22168863779033265 0.7837125561006159 0.24165097300690513 0.7836081828619142 0.24165097300690513 0.7680565702953763
0 0.0016363511092738067 0.5082058772985047 0.0017741490974231796 0.5229850489774874 0.01941229158054292 0.5230423325886463 0.019550089568692294 0.5082058772985047
0 0.8067213854572122 0.5550956758277835 0.8067213854572122 0.5702443485601726 0.8244344784791562 0.5703381483913329 0.8244908896034299 0.5550487759122035
0 0.3886202695499886 0.3486167384147885 0.3886964136145587 0.3641903013421119 0.4059811162719866 0.3641903013421119 0.4059811162719866 0.34855343124841726
0 0.6881465915388878 0.23894136620205036 0.6881465915388878 0.2537246093000038 0.7051427119896545 0.25364781323196245 0.7050503417698134 0.23894136620205036
0 0.22278542397930903 0.2349479706639021 0.22260068353962678 0.25057597051031 0.24079761684832807 0.25061436854433067 0.24084380195824862 0.23490957262988144
0 0.8360313135045261 0.03957877356679347 0.8360313135045261 0.052941289405982465 0.8546439128025125 0.052941289405982465 0.854690097912433 0.039425181430710804