0 0.9266535211267606 0.09453161592505854 0.01863380281690141 0.016662763466042157
0 0.12285915492957745 0.1582599531615925 0.01820281690140845 0.0160327868852459
0 0.6547661971830986 0.4180772833723653 0.017225352112676055 0.015402810304449647
0 0.8208028169014084 0.40888992974238875 0.016901408450704224 0.015943793911007025
0 0.43515774647887323 0.46374473067915695 0.01874366197183099 0.015583138173302109
0 0.5304450704225352 0.5213466042154566 0.020585915492957747 0.01585245901639344
0 0.7802281690140845 0.5147728337236533 0.018092957746478875 0.013330210772833724
0 0.5316366197183099 0.5462084309133489 0.017769014084507043 0.015672131147540985
0 0.5118647887323944 0.5374262295081967 0.020042253521126763 0.01522248243559719
0 0.11489577464788732 0.6242107728337237 0.019825352112676053 0.015311475409836064
0 0.31598028169014086 0.6642505854800936 0.017659154929577463 0.01522248243559719
0 0.37296901408450706 0.8519180327868853 0.020042253521126763 0.015491803278688526
0 0.3938788732394366 0.8574051522248244 0.01852676056338028 0.015475409836065573
0 0.3749183098591549 0.8688805620608899 0.019177464788732394 0.016662763466042157
0 0.831256338028169 0.9755456674473068 0.01896056338028169 0.016124121779859484