0 0.6021718309859155 0.005756440281030444 0.01772394366197183 0.011512880562060889
0 0.3790478873239436 0.08069789227166276 0.01772394366197183 0.016002341920374707
0 0.7275408450704225 0.3198594847775176 0.0184056338028169 0.015728337236533958
0 0.24610140845070422 0.45752693208430917 0.019019718309859154 0.016046838407494143
0 0.5978140845070422 0.47087587822014054 0.019780281690140844 0.01637002341920375
0 0.5376225352112676 0.559168618266979 0.020019718309859155 0.014451990632318501
0 0.6373014084507043 0.5302107728337236 0.016873239436619718 0.014557377049180326
0 0.9418901408450704 0.5958829039812646 0.019171830985915492 0.015833723653395783
0 0.483856338028169 0.6387096018735363 0.019811267605633804 0.015620608899297424
0 0.3209521126760564 0.7501288056206089 0.01814929577464789 0.015302107728337237
0 0.024349295774647887 0.8309976580796253 0.019045070422535212 0.015515222482435597