0 0.1488929577464789 0.12052459016393442 0.018912676056338028 0.016559718969555035
0 0.5671577464788733 0.08624824355971897 0.019771830985915492 0.016758782201405153
0 0.7300704225352113 0.02066744730679157 0.01732394366197183 0.01651053864168618
0 0.8757042253521127 0.07570257611241218 0.01816901408450704 0.016276346604215456
0 0.8738028169014085 0.047306791569086654 0.017746478873239435 0.01826697892271663
0 0.9435915492957746 0.11358313817330211 0.019859154929577464 0.017330210772833723
0 0.711830985915493 0.15362997658079625 0.018028169014084508 0.01639344262295082
0 0.5417605633802817 0.1465456674473068 0.01732394366197183 0.014637002341920375
0 0.405143661971831 0.09820374707259953 0.018414084507042256 0.016473067915690868
0 0.15383661971830986 0.14531615925058547 0.01837746478873239 0.015456674473067917
0 0.2582507042253521 0.1535128805620609 0.019138028169014085 0.014988290398126464
0 0.29447887323943667 0.1525175644028103 0.020845070422535212 0.014168618266978922
0 0.6003521126760564 0.19549180327868854 0.021267605633802818 0.016276346604215456
0 0.9495070422535211 0.22745901639344263 0.019014084507042252 0.015807962529274005
0 0.8745774647887324 0.27839578454332553 0.019577464788732395 0.01604215456674473
0 0.6252816901408451 0.264519906323185 0.019577464788732395 0.016159250585480095
0 0.38464788732394367 0.27259953161592504 0.018028169014084508 0.016627634660421546
0 0.41161971830985916 0.29291569086651054 0.019295774647887325 0.014637002341920375
0 0.2251577464788732 0.3073185011709602 0.020107042253521126 0.015807962529274005
0 0.20246478873239437 0.25837236533957847 0.01591549295774648 0.015807962529274005
0 0.1397887323943662 0.28021077283372364 0.02323943661971831 0.01569086651053864
0 0.10007042253521127 0.2627049180327869 0.02352112676056338 0.016978922716627636
0 0.04721971830985915 0.2771077283372365 0.019929577464788732 0.014871194379391101
0 0.028535211267605633 0.33349180327868855 0.0218 0.016622950819672133
0 0.735 0.3598946135831382 0.020985915492957745 0.01604215456674473
0 0.9595774647887324 0.4168618266978923 0.02028169014084507 0.014754098360655738
0 0.8996478873239436 0.38471896955503515 0.018732394366197183 0.014637002341920375
0 0.7038028169014084 0.469847775175644 0.02 0.015807962529274005
0 0.5782394366197183 0.45831381733021076 0.018732394366197183 0.01569086651053864
0 0.29683098591549295 0.5612412177985948 0.017605633802816902 0.01522248243559719
0 0.22795774647887324 0.5576112412177986 0.01816901408450704 0.01522248243559719
0 0.3913380281690141 0.5925644028103044 0.018450704225352114 0.015807962529274005
0 0.5088732394366198 0.5504683840749415 0.01887323943661972 0.014988290398126464
0 0.7166197183098592 0.5837236533957846 0.01887323943661972 0.01592505854800937
0 0.6209859154929578 0.6564988290398126 0.02112676056338028 0.01557377049180328
0 0.6438028169014085 0.6787470725995316 0.019436619718309858 0.014402810304449648
0 0.47570422535211265 0.6163348946135832 0.019859154929577464 0.012997658079625293
0 0.35274647887323946 0.7690281030444965 0.018450704225352114 0.014871194379391101
0 0.4541746478873239 0.355559718969555 0.018799999999999997 0.015332552693208431
0 0.5564112676056338 0.3139250585480094 0.018687323943661974 0.015634660421545668
0 0.528256338028169 0.5422693208430913 0.01920845070422535 0.014533957845433257
0 0.5328366197183099 0.5860468384074942 0.01775492957746479 0.015836065573770493