0 0.06813521126760563 0.050423887587822014 0.02007042253521127 0.015662763466042152
0 0.20478028169014084 0.06462529274004683 0.019014084507042252 0.016978922716627636
0 0.28036901408450704 0.017857142857142856 0.02200845070422535 0.016100702576112413
0 0.823943661971831 0.029639344262295083 0.01795774647887324 0.01595550351288056
0 0.8744732394366197 0.05049882903981265 0.017605633802816902 0.016100702576112413
0 0.45974929577464785 0.09330679156908665 0.02016338028169014 0.015037470725995315
0 0.1647887323943662 0.09675878220140516 0.019422535211267605 0.016023419203747072
0 0.06434366197183099 0.10852927400468385 0.02134929577464789 0.015899297423887588
0 0.23105915492957746 0.17188524590163937 0.01971830985915493 0.01614754098360656
0 0.5822845070422535 0.09256674473067915 0.018532394366197184 0.014545667447306792
0 0.10059436619718311 0.24163700234192037 0.018828169014084507 0.01513583138173302
0 0.04573802816901409 0.24569320843091333 0.020608450704225352 0.014913348946135831
0 0.7026676056338027 0.2779484777517564 0.018828169014084507 0.016763466042154566
0 0.8863605633802817 0.25570023419203747 0.017938028169014086 0.015899297423887588
0 0.01260281690140845 0.35628103044496484 0.0166056338028169 0.015407494145199065
0 0.12364788732394366 0.3946135831381733 0.019867605633802816 0.01762529274004684
0 0.21274929577464788 0.386847775175644 0.018383098591549296 0.015653395784543327
0 0.4923633802816902 0.39350351288056207 0.018383098591549296 0.0151615925058548
0 0.6196450704225351 0.3669414519906323 0.020608450704225352 0.01577751756440281
0 0.8224619718309859 0.3618266978922717 0.01556619718309859 0.014421545667447307
0 0.033580281690140844 0.5133114754098361 0.02031267605633803 0.0151615925058548
0 0.5238704225352113 0.5071498829039813 0.019123943661971832 0.01614754098360656
0 0.7441070422535211 0.5092576112412178 0.019273239436619717 0.015430913348946135
0 0.9779830985915493 0.46074238875878215 0.019123943661971832 0.015037470725995315
0 0.8193464788732394 0.5625550351288057 0.018532394366197184 0.01405152224824356
0 0.7427718309859155 0.5809812646370023 0.018383098591549296 0.014913348946135831
0 0.37205352112676054 0.6806370023419204 0.020904225352112674 0.016269320843091333
0 0.9265380281690141 0.7111428571428571 0.02031267605633803 0.014421545667447307
0 0.9260929577464789 0.7357939110070258 0.017050704225352112 0.01343559718969555
0 0.7114169014084507 0.7729578454332553 0.01823661971830986 0.016763466042154566
0 0.5679014084507042 0.7418946135831381 0.019123943661971832 0.016763466042154566
0 0.403112676056338 0.8011217798594847 0.019867605633802816 0.01614754098360656
0 0.09295774647887324 0.8676206088992974 0.019273239436619717 0.015037470725995315
0 0.10652394366197183 0.8517822014051523 0.017938028169014086 0.0151615925058548
0 0.3753887323943662 0.8604098360655738 0.020459154929577464 0.01762529274004684
0 0.4739802816901409 0.8098735362997658 0.019569014084507043 0.01614754098360656
0 0.7802084507042253 0.839208430913349 0.020904225352112674 0.015407494145199065
0 0.4336535211267606 0.909096018735363 0.02223943661971831 0.01639344262295082
0 0.035729577464788734 0.9747939110070257 0.0166056338028169 0.017133489461358314
0 0.21727323943661972 0.98792037470726 0.019123943661971832 0.01577751756440281
0 0.4583408450704225 0.9800936768149883 0.02031267605633803 0.015899297423887588
0 0.786656338028169 0.9506346604215457 0.019273239436619717 0.015653395784543327
0 0.9070056338028168 0.9626604215456676 0.020194366197183098 0.015302107728337237
0 0.8629549295774648 0.9157119437939111 0.020371830985915492 0.0147096018735363
0 0.3036845070422535 0.17998594847775176 0.020622535211267605 0.015217798594847776
0 0.5543014084507042 0.4270983606557377 0.020016901408450704 0.016414519906323186