0 0.313056338028169 0.04619906323185012 0.017154929577464787 0.01447775175644028
0 0.3387633802816901 0.15650351288056205 0.020143661971830987 0.014381733021077283
0 0.3896366197183099 0.1218735362997658 0.017185915492957747 0.015517564402810305
0 0.7684619718309859 0.1155807962529274 0.017073239436619717 0.015800936768149882
0 0.15899154929577464 0.13250117096018735 0.01387605633802817 0.012737704918032788
0 0.1580281690140845 0.41538875878220144 0.015591549295774648 0.015140515222482437
0 0.5161971830985915 0.6042060889929742 0.018095774647887322 0.016559718969555035
0 0.5312760563380282 0.7083840749414521 0.01775492957746479 0.015044496487119436
0 0.4907014084507042 0.8145971896955503 0.017867605633802817 0.01476112412177986
0 0.762030985915493 0.8204168618266978 0.016729577464788734 0.013908665105386417
0 0.4687943661971831 0.8256697892271663 0.020940845070422535 0.01627400468384075
0 0.23555774647887323 0.9177353629976581 0.0190056338028169 0.015517564402810305