0 0.21971830985915494 0.03948711943793912 0.018780281690140847 0.013140515222482435
0 0.5804394366197183 0.07656674473067916 0.019405633802816902 0.01522248243559719
0 0.9266985915492958 0.024091334894613584 0.019405633802816902 0.015168618266978922
0 0.11711267605633803 0.31527400468384076 0.01743661971830986 0.015789227166276346
0 0.5360197183098592 0.37438173302107725 0.016952112676056338 0.01647540983606557
0 0.49085352112676056 0.49665807962529274 0.019340845070422535 0.016674473067915693
0 0.4875211267605634 0.5245526932084309 0.01727605633802817 0.016873536299765807
0 0.019864788732394365 0.6816932084309133 0.020056338028169016 0.015618266978922716
0 0.17847887323943662 0.7745971896955504 0.0194 0.01588056206088993
0 0.8880056338028169 0.6617822014051522 0.017377464788732394 0.01450351288056206
0 0.6119605633802817 0.6166861826697893 0.017132394366197182 0.015498829039812648