0 0.2980056338028169 0.06513583138173303 0.02136056338028169 0.017857142857142856
0 0.1932507042253521 0.10240983606557377 0.01819154929577465 0.014929742388758781
0 0.36643098591549295 0.10421545667447307 0.017839436619718308 0.014637002341920375
0 0.3907859154929577 0.1271967213114754 0.02147887323943662 0.016295081967213115
0 0.8214760563380281 0.2803559718969555 0.019769014084507045 0.016063231850117096
0 0.6356788732394366 0.30234894613583135 0.01662535211267606 0.014475409836065574
0 0.1365380281690141 0.312576112412178 0.01853521126760563 0.015875878220140516
0 0.2613380281690141 0.4437423887587822 0.018309859154929577 0.014475409836065574
0 0.2226394366197183 0.42604449648711945 0.018197183098591547 0.013822014051522249
0 0.7494140845070423 0.4670889929742389 0.016061971830985917 0.01503512880562061
0 0.5714281690140844 0.5114028103044497 0.018422535211267608 0.014941451990632317
0 0.45634366197183096 0.5368056206088992 0.019433802816901408 0.015316159250585482
0 0.4090535211267606 0.5223770491803279 0.017411267605633805 0.014100702576112413
0 0.7135802816901409 0.6131498829039813 0.017411267605633805 0.01522248243559719
0 0.40483943661971833 0.6662435597189695 0.017971830985915493 0.014941451990632317
0 0.561318309859155 0.7190070257611241 0.015501408450704225 0.014756440281030445
0 0.47982253521126755 0.7833067915690866 0.017861971830985913 0.015969555035128806
0 0.37400563380281693 0.8754824355971896 0.018309859154929577 0.01540983606557377
0 0.8208028169014084 0.8980374707259953 0.016850704225352113 0.013634660421545668
0 0.610687323943662 0.9726088992974239 0.01763661971830986 0.014662763466042155
0 0.43202535211267606 0.9415550351288057 0.019095774647887327 0.014381733021077283