0 0.8186193334713311 0.9507399759077612 0.8192403229145107 0.9679487179487178 0.8424239287932107 0.9679487179487178 0.8422169323121508 0.9505678884873516
0 0.6432933140136617 0.8017122698330752 0.6432933140136617 0.818921011874032 0.6670979093355413 0.8190930992944416 0.6668909128544815 0.8015401824126657
0 0.3578853717924705 0.9079336655247586 0.3580726727851657 0.9247508564310184 0.3809233938939876 0.9247508564310184 0.3809233938939876 0.9074665213329182
0 0.16786776481354382 0.9223564092810954 0.16786776481354382 0.9392829973373906 0.1898307023564402 0.9390928109547356 0.19005948295584535 0.9217858501331305
0 0.1258625977610796 0.8357661907190209 0.12647600061340286 0.8511919938806731 0.14825180187087872 0.8510645079041305 0.14825180187087872 0.8357661907190209
0 0.49478363655051893 0.7307084259101008 0.4950919930105868 0.746432233806187 0.5161630177818891 0.7465176892838831 0.5161630177818891 0.7305375149547085
0 0.9505057126802771 0.5622469635627528 0.9506930136729723 0.5804655870445343 0.969797714927889 0.5806213017751478 0.969797714927889 0.5620912488321395
0 0.71991535117822 0.572793837961202 0.71991535117822 0.5967573221757322 0.7443948753145733 0.5963769494104222 0.7441660947151681 0.572223278813237
0 0.5067857690538261 0.48046277409484944 0.5070924704799877 0.49780086690464037 0.5262613096150898 0.4976733809280978 0.5261079589020089 0.48008031616522173
0 0.22265000420769165 0.4630763310711538 0.22256585037448454 0.47923808857482686 0.24293107801060335 0.4793780172112223 0.24309938567701755 0.4630063667529561
0 0.22332077840552414 0.4133963051873501 0.2234463276836158 0.4302003966183072 0.24667294413057123 0.4303047698570088 0.24654739485247956 0.41329193194864855
0 0.8693334713309876 0.2076664945792462 0.8695404678120474 0.22401479951815514 0.8887911405506108 0.2238427120977456 0.8885841440695509 0.20732231973842705
0 0.8051645622024427 0.1852951299260023 0.8051645622024427 0.20078299776286349 0.8240012419788865 0.2006109103424539 0.8240012419788865 0.18512304250559272
0 0.7070482301800871 0.2513766993632765 0.7070482301800871 0.26703665462054715 0.7273338853239496 0.26720874204095674 0.7271268888428898 0.25137669936327645
0 0.6145208031463466 0.2331354327998622 0.6145208031463466 0.24965582515918072 0.6343924653280895 0.24948373773877117 0.6343924653280895 0.23296334537945262
0 0.2723556199544608 0.2665203923593183 0.29202028565514393 0.2665203923593183 0.29202028565514393 0.28372913440027503 0.27214862347340096 0.2839012218206846
0 0.6091174450549449 0.02819817247287293 0.6091174450549449 0.04504568817818414 0.6321256868131867 0.04504568817818414 0.6321256868131867 0.02791262135922347