0 0.978612337429901 0.8742932248784844 0.9788509724376566 0.890958238270013 0.9991349480968859 0.8908590417617299 0.9991349480968859 0.8739956353536356
0 0.6110541227041814 0.9329718973359324 0.6113472059398204 0.9488101039636128 0.63049531066823 0.9488101039636128 0.6302999218444706 0.9328906757634828
0 0.3241558286600645 0.9438299771848031 0.32439446366782004 0.9592054359686539 0.3421727717456151 0.9592054359686539 0.3422920892494929 0.9436315841682373
0 0.2527110199296601 0.8506944444444444 0.25290640875341935 0.8656392137751787 0.2713706525986714 0.8658828784925277 0.27117526377491213 0.8504507797270956
0 0.95328343795268 0.4929475950660536 0.9535029190992494 0.4985676228012554 0.9603507308722181 0.49853112911466313 0.9601751459549626 0.4928746076928691
0 0.9132229386479094 0.5440830084470436 0.9131252442360299 0.5587028914879792 0.9332502930832357 0.5587841130604289 0.9332502930832357 0.544001786874594
0 0.5976699882766706 0.6114156920077973 0.5976699882766706 0.6289595516569201 0.6191627588901916 0.6290407732293697 0.6189673700664323 0.6113344704353476
0 0.5064992469386419 0.5328696646341463 0.506564730535001 0.5495835148083623 0.5262752930390937 0.5495290722996515 0.5262752930390937 0.5326518945993031
0 0.4329829290206649 0.5537587020825241 0.4329829290206649 0.5597642594639816 0.44056603773584907 0.5597343810690489 0.44053009883198563 0.5537288236875916
0 0.24070940975695873 0.5490043787763889 0.2407682575178014 0.5554869248269282 0.24821249926440295 0.5554869248269282 0.24821249926440295 0.5490043787763889
0 0.05785955191520115 0.5132037493240401 0.05788364249578415 0.5188717979530935 0.06609853047458444 0.518911854833864 0.06612262105516742 0.5131636924432694
0 0.5658553180281815 0.3055890081015983 0.5658114217988676 0.3207703817239616 0.5838527720468811 0.32080687541055386 0.5837210833589395 0.3055160207284139
0 0.24574198988195614 0.2703589096517055 0.24581426162370515 0.27680806745578734 0.2534750662490966 0.2767680105750166 0.2534991568296796 0.27029882433054947
0 0.11480462543400222 0.26568042271092734 0.11486347319484491 0.2709643093030652 0.12216059553933971 0.270915384427212 0.12216059553933971 0.2656314978350743